.\input_group297.txt
430
1 2 3 4 5 6 7 8 9 10 11 12 13 14 15 16 17 18 19 20 21 22 23 24 25 26 27 28 29 30 31 32 33 34 35 36 37 38 39 40 41 42 43 44 45 46 47 48 49 50 51 52 53 54 55 56 57 58 59 60 61 62 63 64 65 66 67 68 69 70 71 72 73 74 75 76 77 78 79 80 82 83 84 85 86 87 88 89 90 91 92 93 94 95 96 97 98 99 100 101 102 103 104 105 106 107 108 109 110 111 112 113 114 115 116 117 118 119 120 121 122 123 124 125 126 127 128 129 130 131 132 133 134 135 136 137 138 139 140 141 142 143 144 145 146 147 148 149 150 151 152 153 154 155 156 157 158 159 160 161 162 163 164 165 166 167 168 169 170 171 172 173 174 175 176 177 178 179 180 181 182 183 184 185 186 187 188 189 190 191 192 193 194 195 196 197 198 199 200 201 202 203 204 205 206 207 208 209 210 211 212 213 214 215 216 217 218 219 220 221 222 223 224 225 226 227 228 229 230 231 232 233 234 235 236 237 238 239 240 241 242 243 244 245 246 247 248 249 250 251 252 253 254 255 256 257 258 259 260 261 262 263 264 265 266 267 268 269 270 271 272 273 274 275 276 277 278 279 280 281 282 283 284 285 286 287 288 289 290 291 292 293 294 295 296 297 298 299 300 301 302 303 304 305 306 307 308 309 310 311 312 313 314 315 316 317 318 319 320 321 322 323 324 325 326 327 328 329 330 331 332 333 334 335 336 337 338 339 340 341 342 343 344 345 346 347 348 349 350 351 352 353 354 355 356 357 358 359 360 361 362 363 364 365 366 367 368 369 370 371 372 373 374 375 376 377 378 379 380 381 382 383 384 385 386 387 388 389 390 391 392 393 394 395 396 397 398 399 400 401 402 403 404 405 406 407 408 409 410 411 412 413 414 415 416 417 418 419 420 421 422 423 424 425 426 427 428 429 430 431

.\input_group298.txt
221
7 30 84 112 133 240 342

.\input_group299.txt
48
3 4 8 9 10

.\input_group300.txt
76
2 6 12 13 14 15 17 18 27 28 33 41 43 44 46 51 52 53 58 60 61

.\input_group301.txt
257
11 17 30 38 62 67 70 84 90 92 98 120 128 135 147 148 149 158 165 167 175 180 182 204 215 231 235 237 240 250 259 261 274 275 276 279 288 312 319 326 329 341 342 351 371 375 377 383 385 401 402 417 418 424 437 453 454 459 460 477 481 486 489 498 499 500

.\input_group302.txt
182
58 97 114 155 189 191 206 216 316 339 349 457 484

.\input_group303.txt
15
1 2

.\input_group304.txt
10841
23 37 59 74 86 87 88 95 98 100 109 114 121 134 138 140 141 142 143 145 148 153 154 157 159 166 172 175 185 187 207 227 243 256 259 261 262 263 267 268 276 277 278 280 285 296 297 298 299 300 301 302 303 304 306 309 312 313 314 315 316 317 318 319 321 322 323 324 325 327 330 340 343 344 349 351 354 363 375 377 378 387 390 395 399 400 401 402 403 404 405 406 407 408 409 410 411 413 414 418 419 420 421 423 425 426 427 429 431 432 433 434 435 436 437 438 440 441 442 443 444 445 446 447 448 451 452 453 454 455 456 457 458 459 460 462 463 464 465 466 467 468 471 472 473 475 476 477 478 479 480 481 482 483 484 486 487 488 490 492 493 494 496 497 499 500

.\input_group305.txt
60241
1 2 3 4 8 12 13 16 17 19 20 21 22 24 26 34 36 41 42 43 46 47 48 50 52 55 57 59 60 61 63 66 71 74 76 77 81 83 86 87 89 90 92 95 96 98 99 102 103 108 110 111 115 120 121 122 123 125 126 127 129 134 136 137 138 139 143 144 148 150 153 154 158 159 161 162 163 166 167 168 172 173 179 180 182 184 187 188 189 190 191 192 193 194 195 196 197 198 199 200 201 204 205 206 207 208 209 211 212 214 216 234 235 240 241 242 243 246 247 251 253 256 257 259 260 267 268 271 273 278 280 283 285 286 287 290 291 294 295 297 300 301 302 304 306 307 309 311 312 313 314 315 316 318 319 320 321

.\input_group306.txt
9071
47 118 161 176 207 238 253 288 292 348

.\input_group307.txt
195
35 50 75 93 117 133 155 200 327 357 389

.\input_group308.txt
4817
48 74 139 160 170 176 199 214 287 332 375 396 411 443 474 488

.\input_group309.txt
9131
3 10 11 13 24 29 35 42 43 46 56 61 76 82 86 87 90 96 98 119 123 124 127 128 143 144 147 154 162 165 171 177 195 201 210 212 214 219 223 230 241 254 259 266 291 294 296 305 307 318 325 331 345 356 358 365 378 383 386 390 395 400 409 410 419 426 427 429 436 446 450 452 455 460 464 466 476 491 499

.\input_group310.txt
1043
76 138 149 287 317 438 478

.\input_group311.txt
2217
27 80 95 140 186 233 248 289 318 389 473 500

.\input_group312.txt
893
6 114 180 199 230 251 252 313 350 381 383 399 450 476 495 499

.\input_group313.txt
3882
8 30 69 70 88 98 105 143 152 199 202 220 228 233 234 242 253 294 322 323 330 407 412 415 425 437 440 443 456 463 464

.\input_group314.txt
135197
1 2 6 7 8 10 12 14 15 16 17 18 19 20 21 22 23 24 25 26 28 29 30 31 32 33 34 35 36 37 38 39 40 41 42 43 45 46 47 48 50 51 52 53 54 55 56 57 58 59 60 61 62 65 68 69 70 71 73 74 75 76 77 78 80 81 82 83 84 85 86 87 88 89 90 93 94 95 96 97 99 100 101 103 104 105 106 107 108 109 110 112 113 114 116 118 119 120 121 122 124 125 126 127 128 129 130 131 132 133 134 135 136 137 138 140 141 142 143 144 146 147 148 149 151 152 153 154 155 156 157 158 159 161 162 163 164 165 166 167 168 169 170 171 172 173 175 176 177 179 181 182 185 186 187 188 190 193 194 195 196 197 198 199 201 202 203 204 205 206 207 208 210 211 212 214 215 218 219 222 223 224 225 226 228 229 230 231 232 233 234 235 236 237 238 239 241 242 244 245 246 247 248 249 250 253 254 255 256 257 258 259 261 262 263 265 266 267 268 269 270 271 272 273 274 275 276 277 278 279 281 282 283 284 285 286 287 288 289 292 294 295 296 297 298 299 300 301 302 303 304 305 306 307 309 310 311 312 313 314 315 316 317 318 319 323 324 325 326 327 328 332 333 336 337 339 342 343 344 346 348 351 352 357 358 359 360 367 373 378 382 386 388 392 395 396 397 399 403 404 408 415 416 417 418 420 422 423 427 429 431 432 433 435 441 442 443 445 454 457 465 466 467 471 479 482 483 486 489 490 496 498

.\input_group315.txt
85858
1 13 16 17 22 26 30 33 41 42 43 47 53 62 63 64 70 85 87 88 99 101 106 121 122 126 129 132 137 139 140 144 145 149 155 156 158 161 162 174 175 179 181 182 184 187 189 191 192 201 205 206 207 210 212 215 217 219 225 234 236 243 244 248 249 250 256 261 265 266 267 270 272 273 276 280 282 289 290 292 299 303 304 305 312 319 320 327 331 332 336 337 338 342 345 348 352 356 357 358 361 363 364 373 374 380 381 383 386 387 390 396 398 399 400

.\input_group316.txt
72
164 196 218 257 316 343 357

.\input_group317.txt
22403
13 25 29 40 41 45 46 57 108 116 120 121 127 147 153 171 174 179 183 189 202 228 232 269 280 304 305 316 323 331 343 346 370 378 389 401 407 415 438 473 474 486 491

.\input_group318.txt
4
195 347 459

.\input_group319.txt
9126
2 9 17 21 22 25 26 27 29 34 41 45 55 58 59 63 64 65 72 75 83 86 96 97 98 100 103 111 116 117 125 126 149 151 153 156 162 171 174 184 189 195 202 203 205 207 209 211 215 217 226 228 234 246 254 260 267 269 272 281 286 289 290 291 297 299

.\input_group320.txt
8087
1 4 5 8 12 29 31 32 43 47 55 59 63 64 70 73 77 80 84 91 96 100 103 111 116 120 121 124 130 134 136 138 146 149 151 154 155 161 164 169 171 175 177 179 189 191 192 193 195 196 199

.\input_group321.txt
1478
1 6 8 9 10 13 14 17 19 26 35 37 38 41 43 44 47 50 59 60 61 62 65 69 73

.\input_group322.txt
196
17 20 69 158 189 190 191 197 202 203 240 248 254 264 288 293 346 353 354 378 391 404 429

.\input_group323.txt
1034
3 11 12

.\input_group324.txt
17706
3 8 11 13 17 18 36 37 39 42 46 48 54 64 69 86 90 91 94 98 99 108 119 120 121 123 127 130 138 140 146 147 149 150 151 154 168 169 175 184 188 190 192 198 199 200 202 205 207 216 222 225 228 230 234 235 238 241 244 245 251 260 261 265 266 270 271 274 275 280 281 284 295 296 298 304 306 316 322 323 324 325 330 336 347 357 365 368 370 377 379 382 383 391 392 399 416 420 421 422 424 427 429 431 435 436 441 443 455 457 462 467 468 470 473 479 482 486 496

.\input_group325.txt
3058
1 2 3 4 5 6 7 8 9 10 11 12 13 14 15 16 17 20 21 22 23 24 25 26 27 29 30 31 32 33 34 35 36 37 38 39 40 41 43 44 46 47 48 49 50 52 53 58 61 62 63 65 66 67 68 73 75 76 77 78 79 81 82 83 84 86 88 91 92 93 94 95 96 97 98 99 100

.\input_group326.txt
38
2 3 5 6

.\input_group327.txt
161
12 58 74 97 133 139 282 303 318 375 393 406

.\input_group328.txt
43012
20 22 26 28 40 42 46 50 63 64 79 85 90 91 103 104 109 112 126 128 136 146 154 158 162 163 166 176 179 184 202 206 207 215 221 235 239 254 261 269 277 283 298 300 304 312 315 324 330 334 339 354 363 367 371 373 385 389 397 399 410 413 425 433 435 445 446 447 448 449 459 473 485 488

.\input_group329.txt
415
31 166 206 322 371 415 455 476

.\input_group330.txt
810
5 165 176

.\input_group331.txt
1161
18 52 71 82 84 86 159 174 190 218 237 246 258 262 276 278 303 307 308 338 377 387 389 394 438 455 458 466 467 475 476 486

.\input_group332.txt
2999
3 4 5 6 9 11 13 14 17 18 22 24 26 27 29 30 31 33 36 37 38 39 40 42 43 47 49 53 56 58 59 61 64 65 67 71 72 77 79 81 86 88 89 91 92 94 95 97 98 100 101 104 105 106 108 110 111 119 120 125 127 128 133 134 137 140 141 142 143 146 149 151 152 154 158 159 160 164 165 166 167 168 169 170 172 174 175 177 179 181 182 187 189 192 194 196 197 198 201 205 206 210 231

.\input_group333.txt
63502
1 2 3 4 5 6 7 8 9 10 11 12 13 14 15 16 17 18 19 20 21 22 23 24 25 26 27 28 29 30 31 32 33 34 35 36 37 38 39 40 41 42 43 44 45 46 47 48 49 50 51 52 53 54 55 56 57 58 59 60 61 62 63 64 65 66 67 68 69 70 71 72 73 74 75 76 77 78 79 80 81 82 83 84 85 86 87 88 89 90 91 92 93 94 95 96 97 98 99 100 101 102 103 104 105 106 107 108 109 110 111 112 113 114 115 116 117 118 119 120 121 122 123 124 125 126 251 376 377 378 379 380 381 382 383 384 385 386 387 388 389 390 391 392 393 394 395 396 397 398 399 400 401 402 403 404 405 406 407 408 409 410 411 412 413 414 415 416 417 418 419 420 421 422 423 424 425 426 427 428 429 430 431 432 433 434 435 436 437 438 439 440 441 442 443 444 445 446 447 448 449 450 451 452 453 454 455 456 457 458 459 460 461 462 463 464 465 466 467 468 469 470 471 472 473 474 475 476 477 478 479 480 481 482 483 484 485 486 487 488 489 490 491 492 493 494 495 496 497 498 499 500

.\input_group335.txt
81005
2 4 6 7 11 12 14 15 16 17 19 21 22 23 25 28 31 32 34 36 40 41 42 43 44 46 47 49 51 53 54 55 65 68 71 73 75 78 79 82 83 84 85 86 88 89 94 97 98 99 101 102 103 104 106 107 108 110 113 115 116 117 120 121 123 125 126 129 131 134 135 136 138 140 144 146 148 150 153 154 155 158 159 160 162 163 164 167 171 174 175 182 184 185 186 188 189 194 199 202 203 204 207 208 209 210 211 214 216 221 222 224 225 229 231 239 243 244 245 246 250 251 252 253 254 256 257 261 267 269 272 273 274 275 278 281 283 286 287 289 290 291 292 293 294 295 298 299 300 305 307 308 309 310 319 322 323 325 326 327 329 330 333 336 337 338 339 341 342 344 345 348 351 352 354 356 357 359 361 363 365 366 369 372 375 377 381 383 387 390 391 392 395 397 398 399 409 410 411 417 420 422 423 424 425 428 429 431 434 435 436 439 443 444 445 447 448 450 451 455 457 459 460 463 465 470 471 473 474 478 479 482 483 485 487 488 489 490 491 496 497 500

.\input_group336.txt
7820
7 9 13 16 18 25 36 41 43 49 55 59 64 75 81 84 86 89 108 123 126 130 135 143 147 148 154 158 159 160 162 166 187 188 203 225 229 231 233 237 239 247 248 253 256 257 260 262 266 274 287 290 299 306 308 309 313 315 327 329 343 385 392 398 406 418 422 426 442 472 492 498

.\input_group337.txt
3604
2 23 27 31 33 36 43 63 71 74 78 101 123 132 133 141 142 144 149 157 172 179 185 219 247 253 285 288 297 331 338 371 387 400 408 424 426 438 442 443 451 468 493 495

.\input_group338.txt
115283
1 3 4 5 6 8 9 10 11 12 16 22 23 25 27 28 30 31 32 33 38 45 46 47 48 49 51 55 57 58 59 60 61 63 65 67 68 75 76 77 78 79 81 82 84 89 90 91 95 96 97 99 100 102 103 104 108 109 110 111 113 114 116 117 120 122 123 125 126 133 134 135 136 138 139 140 141 142 145 147 148 151 152 155 157 158 161 163 165 166 167 168 172 173 174 175 176 179 181 185 187 188 191 192 193 194 195 196 198 203 204 205 210 211 212 214 215 216 220 222 227 231 233 239 245 246 249 252 253 254 256 260 261 262 263 264 266 270 272 276 277 279 280 284 287 289 291 292 293 295 297 298 300 302 303 304 306 311 313 315 316 317 321 322 324 325 326 327 331 335 336 339 341 342 344 348 349 351 352 353 358 359 363 367 368 371 373 376 378 384 385 386 390 392 394 395 397 399 400 401 403 405 407 410 411 412 413 416 417 421 422 424

.\input_group339.txt
21
1 2

